	Silje	Amundsen	2004.02.10		Sigerfjordvn 30	8400						12576	1870		122	18317	18317	2011.01.04	2011.06.23	2	212	2	2	2	2	2	0	0		
	Solveig	Bang	2004.05.25		Sigerfjordvn 354	8400						12576	1870		122	18317	18317	2011.01.04	2011.06.23	2	212	2	2	2	2	2	0	0		
	Jens 	Berg-Pedersen	2004.11.13		Sigerfjordvn 379	8400						12576	1870		122	18317	18317	2011.01.04	2011.06.23	2	212	2	2	2	2	2	0	0		
	Elias	Christensen	2004.10.30		Frøyslievn 6	8400						12576	1870		122	18317	18317	2011.01.04	2011.06.23	2	212	2	2	2	2	2	0	0		
	Bendic	Kaspersen	2004.02.16		Sigerfjordvn 36	8400						12576	1870		122	18317	18317	2011.01.04	2011.06.23	2	212	2	2	2	2	2	0	0		
	Torje 	Ludviksen	2004.06.12		Sigerfjordvn 202	8400						12576	1870		122	18317	18317	2011.01.04	2011.06.23	2	212	2	2	2	2	2	0	0		
	Hedvig	Ridderseth	2004.06.04		Sigerfjordvn 362	8400						12576	1870		122	18317	18317	2011.01.04	2011.06.23	2	212	2	2	2	2	2	0	0		
	Mathias 	Barosen	2003.10.07		Sigerfjordvn 559	8400						12577	1870		122	18317	18317	2011.01.04	2011.06.23	2	212	2	2	2	2	2	0	0		
	Sofie	Håkstad	2002.07.06		Sigerfjordvn 553	8400						12578	1870		122	18317	18317	2011.01.04	2011.06.23	2	212	2	2	2	2	2	0	0		
	Seleena	Berntsen	2001.10.02		Sigerfjordvn 524	8400						12579	1870		122	18317	18317	2011.01.04	2011.06.23	2	212	2	2	2	2	2	0	0		
	Ane Sofie	Halvorsen	2000.07.08		Sigerfjordvn 559	8400						12580	1870		122	18317	18317	2011.01.04	2011.06.23	2	212	2	2	2	2	2	0	0		
	Anton	Antonsen	2003.03.29		Sigerfjordvn 364	8400						12577	1870		122	18317	18317	2011.01.04	2011.04.30	2	144	2	2	2	2	2	0	0		
	Johannes	Dalheim	2003.07.16		Sigerfjordvn 358	8400						12577	1870		122	18317	18317	2011.01.04	2011.04.30	2	144	2	2	2	2	2	0	0		
	Sander	Ulriksen	2003.06.28		Sigerfjordvn 389	8400						12577	1870		122	18317	18317	2011.01.04	2011.04.30	2	144	2	2	2	2	2	0	0		
	Sara	How Jakobsen	2002.07.04		Hagen 6	8400						12578	1870		122	18317	18317	2011.01.04	2011.04.30	2	144	2	2	2	2	2	0	0
	Stian 	Evensen	2002.10.24		Sigerfjordvn 450	8400						12578	1870		122	18317	18317	2011.01.04	2011.04.30	2	144	2	2	2	2	2	0	0
	Rosa	Jelvez	2002.09.16		Sigerfjordvn 65	8400						12578	1870		122	18317	18317	2011.01.04	2011.04.30	2	144	2	2	2	2	2	0	0
	Sandra	Reinholdtsen	2002.01.18		Sigerfjordvn 96A	8400						12578	1870		122	18317	18317	2011.01.04	2011.04.30	2	144	2	2	2	2	2	0	0
	William 	Bovitz	2002.04.25		Sigerfjordvn 66	8400						12578	1870		122	18317	18317	2011.01.04	2011.04.30	2	144	2	2	2	2	2	0	0
	Nora	Kaspersen	2001.10.27		Sigerfjordv 36	8400						12579	1870		122	18317	18317	2011.01.04	2011.04.30	2	144	2	2	2	2	2	0	0